x,y
1,100000000000000000000000000000000000000000000000000000000000000000000000000000000000000000000000000000000000000000000000000000000